2009
1987
2007
1997
2012
2005
1988
1998
2002
2011
1994
2007
1998
2008
1995
1998
2009
2008
1990
1985
1985
2008
2006
1997
2006
1986
2002
1994
2009
1999
1993
1993
1994
2003
2008
2003
2003
1959
2009
2012
2005
1988
1998
2001
2002
2012
2000
1989
2000
2004
2003
1996
2009
2006
2009
2006
2004
2006
1992
2012
2000
2011
2010
1969
2000
1990
2011
2003
2012
1991
2009
2001
2003
1991
2004
1994
2006
2001
2009
2004
2011
2000
2009
1992
1998
2003
2011
2000
2011
2012
1985
2004
1999
1996
2010
2012
2012
1988
2011
1993
1987
2001
2008
2009
2009
2002
2006
2008
2010
2003
2008
2011
2002
1986
2010
1994
1996
2008
2008
1994
2006
2011
2008
2008
1984
2007
1992
1993
1992
2002
1993
1996
2008
1992
2008
1998
1994
1995
1988
2005
1994
2009
1992
2000
1993
2009
2002
1992
2000
2001
1993
2012
1998
1998
2010
1997
2010
1989
2008
2011
2012
2007
2012
2011
1985
1965
1989
2010
1998
2001
1989
2006
1998
2003
2012
2006
2004
1993
2008
2008
2001
1996
2002
1998
2007
2004
2010
1995
2007
1994
1989
2008
2002
2005
2004
2008
2007
1993
2013
2008
1999
2004
2005
1985
1990
2006
2006
2003
2010
2000
1992
1995
1998
1990
2000
2003
1992
2008
2010
1999
2006
1996
1988
2007
2007
2013
1992
2007
2003
1993
2004
2010
2012
1993
1973
2003
2007
2007
2012
2010
1998
1997
1991
2008
1996
2012
1996
2010
1983
1996
1985
2007
1993
1956
1994
2004
2012
2004
2007
1999
2007
1994
1986
1993
2006
2005
1996
2008
2002
2007
2012
1996
2007
2005
2001
1996
2013
2002
1999
1995
1999
1996
1994
1972
2007
1992
2005
2004
1992
2000
1990
2003
2005
1968
2006
1990
1991
2006
2007
2011
2003
1988
2002
2012
1984
1996
1996
2007
2010
2001
2012
2006
1998
1989
2012
2010
1994
1996
2012
2004
1993
1989
2009
1986
1992
2011
1997
1997
2006
1998
1989
2007
1992
2007
2007
2002
1998
1999
1999
2008
2012
1954
2001
2007
2002
1995
2012
1995
2006
2001
2002
2012
2011
2002
1963
1992
2006
2007
2011
2005
1998
1993
2010
1995
2012
1984
1994
2008
2005
2007
2011
1986
1993
2001
1989
2011
1999
2002
1985
2000
2006
1993
1999
1993
1998
2010
2004
2009
2006
1987
2007
1992
1996
1995
2012
1990
2010
1994
2006
1997
2001
2000
1999
2006
1996
2005
1997
2012
2012
1988
1989
2008
2001
2001
1993
2006
2008
1992
1990
2002
2010
2007
1992
1963
2001
2009
1993
2003
1996
1996
2009
1996
1994
2003
1993
2006
2011
2004
1992
2005
2011
2003
1996
2004
2008
1994
2009
1993
2000
2011
2012
1995
2011
2003
1982
2007
1988
2002
2006
2005
1990
2000
2000
2011
2008
2009
2007
2008
2007
1992
1994
1989
1993
1996
2011
1996
2011
2008
1990
1998
2011
2011
2007
2009
2010
2013
1998
2002
1992
1999
2002
2000
2007
2009
2012
2000
2005
2011
2004
1997
2001
1999
1985
1991
2012
2003
2007
2011
1999
2010
1997
1986
2007
1999
2006
2011
2013
2012
2009
2003
2012
1999
2005
1992
1996
1994
2002
1979
2012
2006
1983
1999
2006
2007
2003
1993
2004
1995
2008
2009
2002
1994
2004
2009
2006
1984
2008
1997
1998
2012
2005
1987
1999
1993
2011
1994
2010
1988
1965
1992
1991
1999
2009
1985
1983
1989
1992
1966
1992
1995
1999
1988
2001
2006
2001
1993
1992
2002
1994
2010
2006
2010
2010
1992
2006
2007
1988
1993
1998
2002
2010
2000
1990
2005
2009
1995
1985
1998
1999
2012
2011
1990
1999
1996
1987
1993
2000
1984
2011
2009
2012
1996
2001
2006
1992
2010
2002
1966
2010
1992
2003
2004
1993
2004
1997
2004
2008
1996
2011
2010
1994
2003
2009
1992
1999
1994
1964
2002
2005
1996
2005
1994
2003
1994
1987
2007
2012
1993
2006
1989
1997
1996
2008
2001
1990
2001
2008
2004
1998
2007
1994
2011
1992
2004
1986
1995
2009
1988
2010
2012
2003
2009
2009
1997
2011
2007
1998
2004
2007
2006
1993
1973
1985
1998
2005
1997
1991
2002
2007
1996
2002
2002
1992
1996
2001
1987
2010
1999
2008
1992
1995
1996
2005
2005
2003
1995
2000
2000
1993
1994
2011
2006
2012
2012
2005
2012
2011
2010
2009
1995
2008
1993
1987
2007
2005
2008
2011
2012
2004
2003
2006
2002
2000
2010
1999
1991
2011
2005
2010
2003
2006
1997
2006
2012
1989
2004
1995
1992
2012
1992
2006
2004
1997
2005
1999
2011
2012
2002
1990
2011
2013
2002
2008
2011
2001
2011
2007
1993
1995
1984
1990
2000
1996
1986
2010
1991
1994
2008
2012
2000
1987
2007
2006
2006
2009
2004
1997
2003
2006
2013
1997
1993
1994
1960
2008
2010
2012
2005
1993
2013
1999
1999
2009
2005
1996
2009
2006
2005
1994
1999
2004
2002
2002
1996
2011
2004
1967
2009
1987
2008
2000
2007
1998
2006
2004
1998
1993
1992
2011
2003
2003
2011
2007
2000
1992
1989
2011
2002
1993
2000
1997
1999
1993
1988
2004
2008
2009
2003
1998
2007
1996
1990
1998
1985
2008
2005
1970
2005
1999
2008
1989
1994
2010
1998
2007
2009
2005
2006
1996
2003
2004
2003
1985
1994
2012
1993
2006
1989
1992
2001
2009
2012
1998
2009
1989
2009
2001
2009
2007
2009
1991
2009
1997
2010
1991
1999
1999
2003
2009
2007
2010
2002
2005
1993
1994
1966
2007
2003
2005
2010
1998
1985
1994
2006
2011
1967
2008
2008
2009
2009
2012
1992
2000
1993
2001
2000
2011
1993
1992
2008
2003
1989
1988
2002
2005
2010
2012
1986
2004
2002
1994
1992
1990
1994
2009
1996
2012
2003
1995
2001
2009
2002
2002
2007
2012
1999
1995
2000
2009
1992
2005
1989
1997
2005
2010
2010
1993
1979
2003
1988
2007
2012
2010
2011
2012
2002
2008
2010
2009
2010
1997
2005
1992
2000
1996
2005
2011
2005
1973
2003
1997
1994
2009
2010
1995
2010
2010
1995
2012
1994